100 100
86	100	35	219	78	126	184	163	191	45	195	190	25	80	172	227	181	207	41	59	55	139	233	216	134	95	98	177	218	18	113	234	66	165	33	63	147	34	222	126	155	3	135	124	5	68	18	226	197	103	162	186	145	69	156	30	170	50	9	115	153	117	119	104	1	8	134	60	103	137	22	73	2	119	75	245	137	199	180	120	71	21	94	129	168	193	162	209	167	182	186	24	1	61	130	205	236	177	54	156
56	60	25	196	78	93	120	101	87	179	107	138	12	59	100	83	44	29	101	34	208	7	41	89	179	202	86	192	108	249	144	214	236	177	164	163	18	46	156	150	248	236	123	88	90	131	88	245	1	51	139	117	209	64	91	13	18	166	180	79	150	226	12	215	143	8	250	201	62	27	109	25	65	122	235	245	246	206	227	52	207	231	230	91	42	127	55	160	191	196	108	129	230	157	197	220	182	6	76	103
3	15	253	62	243	24	166	69	163	79	148	208	12	236	155	73	253	9	200	181	16	10	73	212	232	124	231	250	46	221	186	176	153	195	66	214	254	112	8	38	41	78	62	106	128	56	163	138	41	167	220	79	26	250	72	208	105	98	134	93	187	241	152	121	167	12	252	192	34	198	195	185	6	4	243	119	54	180	216	77	210	193	74	198	29	34	32	200	89	37	119	51	12	123	217	31	225	47	34	120
107	118	163	90	30	166	233	237	224	92	95	170	181	63	76	213	22	66	50	111	14	14	246	180	221	229	12	115	128	225	155	158	246	71	92	141	230	115	58	214	18	230	229	44	54	74	142	222	130	73	177	32	187	222	130	243	165	109	122	198	183	254	178	70	108	79	167	206	218	223	26	107	39	247	63	219	150	190	195	112	53	69	250	52	57	55	156	21	121	23	88	173	189	86	14	63	173	239	30	79
139	213	26	59	71	156	58	50	154	160	70	94	5	189	121	132	113	84	190	61	205	154	166	52	15	151	166	22	33	221	83	18	64	11	246	9	195	190	154	150	83	41	187	243	155	186	248	46	149	221	9	96	172	156	15	106	83	253	173	154	243	91	156	192	249	55	187	115	142	173	132	54	136	68	159	146	78	72	44	29	74	110	108	86	136	11	136	249	207	143	194	150	144	8	168	112	168	83	246	174
174	223	133	250	213	249	1	53	18	173	212	44	147	208	154	79	80	19	160	56	172	122	223	197	12	79	100	39	50	170	153	48	161	202	70	28	137	157	235	124	43	52	158	193	15	209	30	68	50	114	109	69	112	96	213	47	104	116	70	81	101	43	227	246	71	66	166	238	204	219	244	20	173	78	210	195	94	172	55	97	124	51	213	23	245	29	250	115	118	162	6	115	119	98	216	99	40	184	2	134
249	98	163	173	52	97	68	97	225	167	125	28	38	134	141	248	124	83	208	154	10	22	107	5	231	152	22	136	202	75	107	202	10	140	102	97	56	225	189	106	178	2	233	240	215	102	39	20	172	70	122	190	10	90	94	186	183	89	151	247	218	104	113	58	33	179	19	230	51	150	85	28	143	119	194	129	139	30	234	152	178	145	17	248	1	136	27	49	205	210	81	90	186	9	254	148	40	167	222	70
62	172	130	217	67	16	39	45	78	239	221	67	238	34	217	153	73	64	12	121	29	223	254	132	41	66	34	127	52	28	23	215	216	20	21	201	241	191	250	123	190	221	228	178	160	235	125	50	85	170	53	190	20	119	158	181	248	71	251	10	125	4	92	88	48	13	229	17	97	214	246	151	94	186	24	166	141	97	232	93	220	219	228	77	44	161	177	46	37	101	223	188	233	180	242	210	43	151	88	84
139	14	78	19	185	80	103	65	192	119	188	171	51	184	38	33	125	60	121	170	60	146	97	244	188	90	149	98	2	58	98	51	161	96	82	59	17	58	111	105	40	139	168	20	96	251	237	158	217	35	100	11	79	12	7	234	218	37	216	101	76	10	158	221	225	141	132	11	151	242	108	54	210	254	78	186	106	65	32	156	64	102	238	5	145	44	217	94	243	229	200	90	46	177	210	191	25	198	145	114
32	229	143	3	216	220	190	19	216	202	18	205	199	185	145	202	196	33	163	67	89	68	177	31	159	10	155	128	83	204	119	100	30	125	110	111	225	218	175	123	75	225	161	28	84	7	160	74	217	36	238	176	73	12	164	228	233	83	220	102	138	242	95	241	151	198	216	129	57	164	57	126	111	98	87	60	207	205	180	227	189	135	223	176	202	189	148	54	210	4	230	94	77	60	70	200	229	80	158	153
172	106	244	151	190	89	140	164	49	36	196	62	206	197	140	104	188	252	135	185	110	149	193	214	151	35	211	189	59	150	4	114	61	10	173	5	167	44	97	248	65	137	117	154	162	142	224	36	186	230	203	243	117	112	169	145	213	244	36	253	232	149	134	10	247	100	120	128	34	26	33	124	245	4	161	212	196	95	188	156	8	89	72	76	210	177	246	250	75	27	65	130	44	161	179	239	192	130	13	245
139	113	123	46	4	60	106	167	180	51	232	139	96	99	213	8	82	73	225	181	225	161	68	107	178	57	236	111	121	138	225	229	47	175	234	220	114	83	236	137	52	32	212	132	153	129	29	81	237	68	172	244	128	162	184	58	153	54	84	105	126	213	247	185	25	138	237	222	66	28	42	225	81	168	246	62	137	222	42	45	62	2	151	46	233	81	24	191	158	205	74	241	220	15	169	226	231	176	4	108
72	123	193	161	221	144	10	13	92	125	192	174	136	226	175	79	31	34	15	243	213	203	85	88	73	112	170	159	186	220	40	25	6	84	19	34	118	202	216	39	150	141	97	26	84	223	78	146	3	54	104	212	62	54	135	18	57	239	154	220	244	172	26	4	84	172	132	42	159	242	33	220	16	195	236	3	196	193	147	8	151	63	152	157	47	62	101	218	49	141	210	147	23	208	75	71	194	200	199	101
52	32	132	249	221	166	169	166	66	46	60	169	94	223	184	42	143	214	150	207	88	216	47	233	21	66	127	112	154	18	84	101	77	5	12	132	219	222	146	79	49	106	179	67	225	132	208	252	67	145	14	91	183	30	177	17	179	249	40	83	185	76	16	146	175	33	221	29	66	67	223	210	217	248	37	56	173	119	242	216	209	107	144	14	191	91	242	52	115	162	223	130	32	77	211	38	105	218	18	78
149	224	63	112	241	221	75	179	162	86	198	180	40	101	203	66	235	43	196	53	119	24	80	41	47	241	239	8	133	160	166	130	68	246	102	169	206	135	33	198	90	100	29	4	218	142	92	52	180	230	117	34	134	14	50	38	31	183	105	134	40	50	142	133	27	225	66	104	224	35	38	175	209	206	110	15	23	5	186	216	93	47	192	7	65	112	97	205	97	189	146	39	97	81	184	249	73	222	59	189
55	149	55	239	59	230	200	164	51	113	73	116	47	246	109	54	133	14	248	105	91	164	173	226	163	93	1	230	187	103	209	66	6	110	155	33	175	86	176	105	251	165	37	233	45	126	63	46	50	22	189	120	170	174	98	1	252	65	193	207	116	183	64	186	190	14	20	169	174	253	57	156	247	67	178	80	54	14	4	164	123	31	102	17	53	38	254	248	213	161	118	108	194	105	149	105	33	13	194	106
220	82	240	18	236	34	143	117	69	191	62	54	111	212	11	96	96	225	37	168	30	114	240	42	93	113	176	193	107	130	172	229	54	200	220	67	143	121	145	183	78	158	131	209	16	173	156	133	37	134	41	103	129	254	76	212	232	199	64	23	245	31	103	131	185	164	86	230	90	117	160	164	56	11	116	67	60	13	24	72	249	48	155	240	168	133	160	232	97	135	112	246	86	9	38	73	60	250	223	65
218	28	237	101	103	105	61	61	235	203	54	196	79	15	171	111	150	192	237	196	144	245	159	201	78	144	105	21	86	175	99	18	172	195	65	73	145	46	118	24	107	44	222	73	106	117	215	41	161	215	230	50	139	199	221	198	132	228	40	205	203	18	38	113	161	214	164	41	41	27	115	28	213	243	212	100	102	34	127	248	173	40	196	164	140	97	47	78	132	157	140	12	92	15	34	144	198	239	153	16
254	240	5	215	67	98	22	12	179	53	4	31	254	246	52	80	26	222	80	227	246	94	59	111	144	143	129	80	13	188	139	172	34	213	214	222	152	209	50	95	164	148	138	206	73	198	181	75	143	136	194	197	138	137	137	5	176	10	13	135	96	79	178	75	118	146	131	9	56	197	106	181	9	43	151	237	130	148	164	77	4	121	164	148	46	47	18	131	20	241	175	168	164	84	21	127	98	62	125	206
251	244	27	118	115	200	117	30	173	250	17	46	14	199	122	186	248	50	119	76	232	238	84	71	21	68	4	70	119	225	166	128	178	43	221	8	15	209	142	56	3	212	11	109	27	215	82	222	180	73	67	122	30	54	124	180	11	108	155	162	219	218	2	243	252	133	52	243	155	202	67	214	204	219	148	144	88	194	59	80	22	120	42	12	195	236	183	232	86	217	245	141	80	36	237	13	254	62	65	191
169	26	245	236	77	84	70	162	3	96	183	83	81	98	156	170	185	250	17	13	229	140	62	41	213	68	10	51	42	26	2	19	19	5	235	25	111	52	222	229	209	86	17	242	128	126	192	173	92	202	41	58	110	118	210	84	51	148	156	155	167	28	49	4	196	8	139	229	172	140	195	180	134	57	37	42	181	71	176	79	178	190	70	61	108	179	246	95	122	6	179	181	85	175	238	23	254	153	127	239
5	126	153	5	46	74	29	230	82	194	3	174	177	150	54	160	233	208	240	96	138	145	64	21	180	37	8	140	203	38	81	229	193	141	77	133	208	220	12	52	187	25	85	254	218	5	150	65	54	61	85	49	6	121	2	57	38	28	9	197	119	168	71	12	191	138	233	22	194	36	58	145	118	114	136	107	36	226	159	150	107	169	130	91	6	111	211	64	95	118	197	216	134	57	242	250	126	18	2	21
86	20	236	137	126	56	52	152	71	232	223	245	23	242	91	55	94	243	34	117	234	25	126	41	140	112	123	154	16	158	1	142	199	242	225	139	48	8	82	188	169	37	218	230	216	236	149	120	64	51	214	92	46	25	34	126	53	233	20	233	175	204	33	250	100	100	151	237	62	51	134	34	24	122	167	2	78	32	219	186	221	25	251	54	202	192	28	41	110	184	112	218	211	210	53	109	44	75	183	25
39	53	214	30	79	33	173	69	14	106	202	35	15	60	1	236	138	49	174	68	175	207	145	201	212	32	108	63	101	54	197	37	139	46	28	235	24	148	209	130	153	151	101	10	125	34	227	77	162	111	64	130	60	131	54	17	158	143	95	43	148	52	240	183	240	236	168	229	15	204	111	52	131	6	238	241	105	58	143	166	188	86	254	189	24	22	254	242	57	5	21	50	118	246	85	198	35	221	234	35
59	132	138	19	152	137	228	70	24	58	80	83	224	200	7	43	18	243	67	25	52	179	228	224	171	217	240	72	12	200	97	63	245	22	237	108	14	242	131	238	94	106	108	126	96	16	188	38	5	136	63	156	248	186	125	61	84	171	165	136	137	214	95	112	135	59	42	43	193	224	167	204	107	240	216	184	47	85	234	223	198	198	246	148	2	219	114	104	97	137	2	17	121	197	86	240	154	133	251	228
163	125	162	238	17	81	111	195	211	150	42	17	5	143	100	190	250	129	98	19	116	136	87	115	170	141	117	46	246	41	178	44	145	131	88	99	24	184	28	220	53	39	45	83	226	106	115	89	116	83	7	107	132	33	242	140	124	84	67	174	109	143	163	143	59	21	152	232	48	200	39	206	3	227	14	118	98	74	208	98	125	167	153	86	134	44	20	195	18	85	180	32	84	7	157	228	202	164	158	90
125	119	59	191	124	119	89	155	57	90	202	37	40	141	129	249	155	190	213	56	140	118	238	123	96	151	154	102	162	54	18	40	106	140	59	84	78	5	103	168	121	90	159	78	78	180	77	199	5	2	1	27	61	244	61	208	229	60	98	143	101	177	57	171	185	88	234	49	195	176	142	14	238	90	188	56	1	112	253	213	38	162	248	93	77	253	167	88	204	89	169	203	152	9	17	113	253	172	174	224
105	244	7	187	48	5	137	102	197	26	76	210	225	203	180	54	231	110	29	201	120	125	209	138	233	6	182	150	90	174	218	102	36	70	136	215	207	125	54	109	207	48	72	195	225	64	174	186	81	87	198	122	203	201	123	233	222	109	149	217	123	23	124	242	5	242	250	222	46	127	52	145	168	44	87	89	21	234	156	183	11	117	214	161	178	24	44	83	105	91	75	244	23	238	41	39	194	125	64	171
216	47	176	229	48	20	89	192	214	28	52	59	248	254	25	81	132	245	244	104	209	72	226	233	53	127	8	20	159	164	66	194	78	72	138	124	101	243	124	82	96	131	221	18	9	188	216	49	166	162	152	127	100	48	46	197	226	62	63	92	173	130	101	135	89	56	224	97	187	217	149	26	126	213	138	75	84	119	23	52	186	236	104	37	224	81	82	118	111	84	170	249	203	218	17	83	239	27	138	136
90	119	196	35	183	36	152	96	86	148	102	214	23	100	148	106	236	227	125	195	210	245	252	71	93	14	15	131	3	196	155	74	251	238	248	81	149	185	182	14	208	182	244	66	26	143	125	19	215	45	39	194	99	203	6	232	230	32	113	247	29	165	179	228	132	238	45	24	109	88	83	224	220	145	119	87	97	184	139	205	201	170	166	155	66	129	134	79	38	129	133	179	10	53	218	226	201	30	47	96
103	145	51	141	16	71	63	163	36	5	35	243	29	104	35	210	222	151	123	66	234	200	157	151	138	215	236	89	141	75	159	73	45	49	76	240	236	8	230	136	87	129	186	119	21	111	139	242	61	166	3	179	251	78	141	49	231	27	79	53	12	241	246	145	29	247	43	163	105	167	218	226	87	115	99	205	45	48	57	84	216	144	106	79	52	226	157	192	16	254	208	190	203	228	86	189	180	170	128	214
187	128	204	86	142	187	227	35	132	36	149	161	65	101	196	87	128	152	95	86	154	71	18	242	205	74	148	218	110	47	79	198	71	199	28	55	234	112	72	33	44	180	210	50	191	236	105	206	119	228	82	108	16	138	131	107	115	182	154	24	225	93	88	165	140	220	28	32	103	226	37	221	88	183	49	215	170	229	200	59	145	26	231	222	95	175	127	216	223	29	160	234	94	14	100	109	231	24	181	59
237	134	248	92	54	104	8	54	55	248	157	118	6	96	62	251	48	84	119	124	157	48	106	154	198	107	102	146	21	23	231	240	63	32	18	230	251	151	109	88	147	248	17	88	41	146	121	195	162	113	38	198	10	111	192	242	73	130	80	163	247	231	75	58	100	31	195	68	242	90	50	56	153	207	146	190	81	114	115	135	153	34	91	174	152	90	3	26	234	238	19	108	81	45	233	28	11	199	102	223
150	36	251	43	27	168	45	196	161	175	88	31	61	104	89	140	227	146	147	193	192	130	208	49	61	159	145	230	172	76	164	170	158	179	68	189	49	142	185	236	177	3	12	105	237	241	16	11	58	234	254	52	125	134	240	110	86	34	99	183	129	244	224	107	71	47	89	219	93	26	14	79	4	64	43	243	31	136	172	185	95	78	173	195	32	153	91	220	81	24	203	97	138	101	172	76	3	17	230	246
104	236	113	143	244	192	177	167	207	70	101	117	217	135	93	166	56	169	180	145	66	89	176	57	67	88	97	201	135	107	163	201	116	242	194	129	213	238	145	23	92	182	191	120	87	81	136	150	131	60	75	214	42	235	131	122	253	219	42	181	134	80	165	240	104	99	182	92	245	144	129	72	59	239	203	164	39	62	205	134	147	52	162	77	228	45	133	252	6	20	169	74	28	86	213	200	107	204	123	147
161	209	215	67	8	208	123	162	37	245	163	145	123	177	100	102	131	128	11	241	15	92	30	105	146	234	47	138	183	117	177	122	17	84	117	111	76	103	199	204	72	133	112	110	168	134	21	156	190	73	108	58	254	31	138	82	131	13	145	57	21	105	153	229	70	39	68	175	38	142	73	16	18	34	247	157	176	26	214	88	9	249	27	186	104	8	60	165	212	229	202	233	245	156	238	149	1	202	213	70
63	71	54	135	61	234	211	188	214	248	239	115	34	69	246	84	110	173	205	100	184	145	184	56	88	69	235	21	66	202	179	23	57	221	243	120	79	230	94	103	173	189	52	133	196	169	172	212	128	69	157	227	55	81	4	95	221	35	212	217	45	124	92	66	102	129	142	226	99	232	188	22	74	71	213	116	118	206	242	200	75	128	60	243	52	97	25	49	202	124	238	231	183	108	94	216	106	98	250	123
1	224	184	30	131	160	29	54	253	117	128	60	109	156	94	217	187	240	197	83	229	112	84	11	102	127	224	61	39	21	3	244	81	114	248	166	17	225	184	247	221	205	100	129	241	56	156	163	189	161	181	252	110	36	167	21	90	79	53	80	85	195	124	161	195	165	7	21	97	244	212	244	14	64	230	207	31	29	205	247	96	140	8	122	151	36	124	35	140	134	159	86	202	14	185	53	208	214	187	133
97	68	60	29	205	1	182	38	152	241	237	155	149	194	185	20	151	134	131	161	174	69	82	157	95	154	207	97	20	109	176	60	204	70	126	78	114	92	150	96	153	57	150	33	63	99	26	1	70	127	133	194	45	123	52	53	170	191	50	205	22	33	105	15	69	228	187	176	199	34	129	202	143	163	102	49	49	24	201	74	68	251	218	27	228	209	245	153	75	107	137	44	39	215	194	67	158	179	211	219
104	192	89	223	110	107	82	226	163	104	101	86	80	219	81	176	21	60	99	16	163	108	55	215	19	77	83	52	75	78	248	32	247	183	231	204	111	223	154	1	33	106	33	144	219	149	252	216	159	60	147	21	225	200	67	65	6	214	13	171	176	28	48	90	246	148	148	164	53	189	27	38	21	119	77	209	42	186	241	125	252	229	221	55	74	165	179	57	29	227	232	73	139	164	6	204	2	115	132	254
83	163	3	174	165	38	72	19	29	75	230	138	238	87	122	86	56	224	247	75	34	43	187	85	33	140	68	142	109	59	172	82	155	98	86	175	190	100	186	199	80	181	135	102	144	194	19	120	128	91	25	170	163	229	64	254	195	249	37	150	218	28	174	200	196	86	82	86	133	48	38	111	239	193	80	123	224	67	17	76	105	101	62	81	145	244	21	245	75	220	140	102	25	12	22	123	162	34	161	156
209	50	204	29	242	89	239	132	111	144	17	228	109	147	163	240	43	37	53	74	221	9	208	53	242	236	245	120	38	113	196	253	83	190	199	184	251	117	7	231	24	218	97	31	121	127	166	47	128	84	52	117	134	158	221	96	132	78	108	32	248	109	69	145	233	80	179	21	148	1	15	242	109	251	40	93	191	253	249	55	104	102	226	149	247	98	187	147	59	141	138	140	222	96	23	145	55	6	38	86
163	107	59	51	67	201	64	134	58	202	86	233	77	134	75	138	239	24	137	190	244	136	153	106	241	105	70	135	177	208	111	193	165	233	212	159	155	59	238	200	124	216	150	103	246	216	112	247	6	26	54	62	114	127	187	12	236	143	209	18	222	67	8	11	215	62	126	39	171	179	129	202	80	197	192	71	141	41	132	68	83	221	203	248	143	26	123	191	120	150	237	106	81	245	95	123	41	115	136	72
227	125	21	242	183	60	251	35	251	153	152	162	68	165	55	153	236	219	114	59	226	135	36	234	200	106	213	134	167	92	160	42	78	150	32	109	82	39	144	240	206	192	41	111	230	20	227	218	143	31	215	188	212	183	164	212	107	10	203	190	123	108	209	152	87	145	74	166	102	203	43	57	199	249	20	179	57	21	78	135	48	24	150	64	149	111	98	125	108	170	219	127	106	40	249	66	53	21	98	41
195	72	98	146	1	54	62	83	202	39	85	26	250	188	97	248	224	204	24	86	65	3	133	250	163	122	23	2	147	90	117	85	169	21	231	135	212	165	114	225	13	127	228	9	247	95	54	56	52	190	82	193	27	44	127	104	62	152	159	126	160	214	12	148	172	50	225	15	53	31	54	107	178	8	133	172	42	84	157	239	138	95	66	193	182	87	117	235	149	77	187	175	64	233	37	44	194	13	158	66
40	185	71	130	228	62	15	78	14	65	210	152	8	163	124	31	160	81	144	186	13	128	218	120	185	181	16	60	187	184	84	82	98	60	219	188	36	189	179	68	187	143	167	155	175	249	97	121	125	131	246	32	130	18	67	23	81	244	143	6	60	29	65	211	145	48	157	69	247	95	221	235	102	20	4	90	79	59	161	185	25	247	230	167	184	62	67	132	200	111	239	42	200	185	30	30	80	87	182	243
244	199	107	18	19	235	140	100	94	45	161	181	23	38	174	185	110	157	106	53	18	84	95	113	11	142	126	135	147	184	217	95	230	254	80	35	23	224	70	161	123	94	157	67	171	183	232	186	128	240	204	161	81	184	6	69	198	211	220	17	113	11	130	89	59	188	43	254	175	9	228	216	140	153	114	238	92	6	198	56	6	241	53	138	97	152	108	160	203	87	25	22	61	177	135	59	106	104	5	229
225	249	8	144	220	55	174	201	31	117	39	110	157	124	232	234	208	201	170	74	125	131	170	182	101	192	20	212	81	174	212	115	121	242	122	150	39	109	182	79	237	112	194	89	221	122	87	204	229	86	122	99	205	85	65	65	47	226	192	209	10	52	222	61	119	64	142	64	56	148	188	149	94	206	81	30	69	189	191	76	148	98	150	143	114	36	170	235	124	195	30	212	86	165	14	52	35	207	34	22
226	208	237	62	163	227	235	114	233	124	104	72	201	156	156	252	53	4	129	188	181	75	204	177	231	78	11	205	202	59	209	197	184	34	40	238	2	184	161	196	140	55	17	142	93	22	43	133	216	10	37	201	41	20	145	131	229	236	126	120	57	210	102	132	239	91	199	100	121	165	236	147	46	31	107	15	253	123	81	46	81	243	20	104	208	7	54	150	40	44	75	225	244	95	142	172	81	33	226	186
175	215	73	125	233	143	76	16	249	21	20	230	32	210	169	41	163	155	136	193	162	226	91	174	36	138	59	237	88	217	110	4	102	44	83	45	65	158	213	228	128	149	241	38	142	98	34	66	165	43	2	77	207	51	143	94	124	77	127	26	117	90	116	38	50	26	134	204	17	171	128	222	10	135	165	219	242	55	13	67	171	35	11	132	221	46	57	3	156	96	73	195	36	190	146	59	211	3	110	41
169	100	41	52	229	47	16	66	146	186	136	54	222	85	144	76	29	36	250	220	217	248	53	16	140	242	228	166	158	41	37	251	63	215	231	167	24	46	226	56	24	32	22	69	232	140	199	185	4	195	169	133	105	34	235	231	133	226	68	112	64	39	64	50	124	251	154	230	169	89	107	56	38	193	213	44	118	204	104	22	66	122	1	244	208	10	177	159	119	26	35	48	175	137	180	45	204	221	111	51
155	210	109	193	167	35	29	111	73	183	137	82	88	65	118	58	57	197	36	250	159	21	16	111	96	201	215	97	175	84	141	39	218	115	52	62	194	117	8	178	223	167	44	176	62	169	29	192	174	85	252	17	41	188	156	75	232	103	213	128	152	119	80	201	67	7	197	13	127	159	224	21	135	66	141	63	202	66	211	157	129	221	43	65	97	75	184	126	219	55	38	203	250	253	3	155	43	220	167	184
5	167	7	230	82	34	244	108	54	3	142	231	191	99	98	29	29	75	117	24	119	65	183	168	25	102	15	52	47	103	165	185	56	169	252	104	135	242	168	205	210	95	114	159	211	159	132	75	186	221	167	202	218	30	230	192	106	89	112	180	173	142	181	96	138	222	68	232	253	232	169	110	72	14	68	155	219	179	94	232	126	160	189	35	106	7	98	207	40	14	108	203	180	171	160	147	9	84	205	21
107	7	241	15	89	209	76	61	216	174	47	157	207	201	39	57	60	108	83	97	232	89	112	251	147	239	26	122	219	175	152	61	83	72	50	197	254	126	18	16	212	198	115	121	158	201	31	186	53	27	42	59	198	107	228	139	45	169	144	192	35	213	42	191	20	19	4	235	177	137	36	163	210	136	152	130	6	170	211	245	23	233	222	93	79	127	162	106	59	9	30	77	244	242	200	34	29	118	115	120
204	206	147	222	252	136	62	247	199	75	203	202	246	77	97	66	153	214	223	252	172	217	80	196	207	122	32	54	118	108	72	142	132	86	166	146	104	211	17	45	167	189	229	109	38	22	118	1	222	240	152	234	170	225	6	115	129	166	241	204	133	16	111	189	161	235	96	196	22	144	38	2	80	82	65	220	97	236	70	114	75	100	115	131	130	157	166	22	214	2	175	229	31	176	196	234	163	24	161	171
128	30	191	225	66	90	249	214	144	172	213	178	55	55	91	30	205	37	7	99	172	164	64	182	167	146	229	117	125	26	167	52	242	179	214	144	193	179	8	53	222	126	102	168	96	42	157	61	242	11	238	242	83	183	112	41	81	195	34	175	127	225	204	104	32	148	205	6	36	222	113	103	204	151	239	66	195	206	80	45	86	113	28	50	247	202	144	71	44	88	29	190	111	136	99	218	214	146	91	59
220	186	16	161	44	159	142	56	27	69	208	5	151	228	175	240	131	213	161	222	7	112	5	248	197	191	224	16	112	117	177	212	141	150	177	250	184	199	249	88	10	63	18	153	149	38	151	197	236	152	127	131	143	225	232	221	204	136	136	165	104	20	124	50	159	247	155	118	15	99	9	34	237	23	2	225	170	124	93	177	54	180	188	36	43	141	155	153	112	117	224	1	35	151	34	7	217	141	117	172
104	19	91	89	158	209	29	149	208	45	194	110	180	88	40	247	70	97	173	81	106	187	117	10	52	239	151	158	220	7	56	156	234	23	148	243	179	149	202	62	19	206	32	252	2	236	86	97	62	32	104	37	35	1	222	170	113	187	207	8	71	20	245	242	16	131	167	2	27	106	141	86	247	126	55	86	137	127	224	172	217	78	201	248	214	47	228	5	190	187	153	210	196	141	250	214	151	102	218	19
234	137	70	108	14	121	239	190	102	110	155	52	146	67	203	134	8	16	117	188	62	40	162	70	53	94	198	199	182	159	65	108	249	25	62	141	103	17	39	232	20	111	17	39	177	14	66	5	24	3	233	96	207	85	201	90	122	194	2	69	141	66	25	7	30	47	168	151	90	220	245	213	223	231	15	116	232	82	215	178	168	76	154	100	94	31	252	84	63	14	139	66	160	52	87	124	38	253	36	7
190	68	32	113	90	196	248	223	229	29	56	27	24	222	59	126	218	23	146	156	239	23	7	156	113	81	188	189	162	245	134	208	235	215	87	233	149	156	247	90	196	20	123	200	233	144	139	246	218	95	153	157	93	106	155	141	250	196	27	247	185	112	67	233	213	189	249	219	216	37	159	1	252	113	67	69	83	84	132	25	69	242	10	252	81	191	217	114	254	42	156	242	96	215	219	140	162	20	98	63
207	36	86	130	134	62	64	202	133	3	199	218	220	231	49	88	240	62	163	173	87	91	128	227	7	106	80	6	3	160	24	170	29	98	136	112	2	174	236	253	26	131	130	147	212	161	43	226	42	216	97	63	42	27	98	207	57	45	72	49	103	36	138	136	146	86	140	152	22	184	173	139	212	132	74	202	98	201	78	140	245	226	127	116	169	126	107	250	106	21	150	238	116	197	82	181	13	28	25	67
202	235	86	201	11	169	150	246	234	4	67	192	162	128	18	110	232	207	249	133	252	83	167	65	13	193	63	235	117	13	95	52	103	18	220	136	46	7	75	209	94	159	43	215	174	151	112	216	183	35	66	64	12	103	64	54	250	216	39	240	237	236	187	80	5	139	1	4	212	170	188	182	87	219	83	253	225	16	190	24	249	161	199	194	167	219	223	140	132	115	8	225	250	154	82	16	96	237	16	51
13	68	132	175	164	15	115	10	119	6	81	164	224	61	78	110	21	185	163	167	12	206	168	84	100	66	81	136	107	30	216	173	238	142	192	236	170	33	190	142	107	153	73	59	33	178	104	248	229	11	7	105	185	226	230	155	123	22	63	76	250	127	142	170	157	109	199	234	233	103	93	229	24	137	182	145	203	97	86	207	64	143	191	51	28	119	65	249	181	53	217	24	132	8	149	195	15	221	185	249
61	250	228	231	231	43	207	13	160	185	112	53	121	56	69	43	92	253	127	108	68	107	208	210	173	1	168	41	137	33	69	155	51	126	51	194	29	83	189	126	135	249	165	191	92	10	63	59	224	32	238	83	228	60	157	125	245	141	248	52	242	179	184	31	189	219	126	20	93	178	100	28	185	189	124	227	185	209	132	127	20	198	219	68	141	185	225	201	244	155	172	207	112	217	212	210	209	85	109	183
26	79	106	51	12	32	171	10	8	1	158	57	250	22	46	181	238	211	229	128	71	186	30	172	118	140	129	45	235	234	66	19	71	79	76	239	226	5	211	235	48	164	167	130	188	74	72	53	238	193	106	232	107	150	28	103	188	243	40	42	137	172	206	48	16	175	222	46	206	50	114	225	17	149	20	72	28	166	172	201	10	209	238	38	16	116	222	154	241	81	80	215	71	210	248	140	219	115	215	155
65	187	63	141	166	169	19	144	15	71	117	35	67	211	111	11	211	227	57	94	234	159	37	168	4	221	205	27	16	245	146	140	116	183	206	16	159	68	15	121	18	8	119	234	16	228	169	36	106	2	27	12	127	15	110	129	247	247	78	6	184	96	24	163	73	215	83	79	44	133	110	32	1	100	242	117	65	193	151	117	121	108	239	157	138	206	172	252	70	85	200	131	146	214	168	131	74	99	138	254
43	152	32	188	11	214	11	204	72	105	202	65	162	243	163	90	89	166	64	119	251	10	231	14	88	95	61	80	134	93	251	240	244	234	47	71	26	148	232	49	226	228	205	13	38	218	90	99	85	148	94	194	68	228	145	215	139	204	51	15	192	167	97	46	220	44	77	140	156	216	15	47	58	164	6	18	87	76	47	67	4	134	137	70	30	132	103	127	30	22	214	217	17	150	117	109	77	10	90	154
24	151	208	76	74	12	87	126	137	211	165	239	156	31	110	16	93	149	73	23	226	248	27	102	222	81	190	52	143	30	59	223	120	121	75	83	231	42	124	59	32	163	58	24	128	227	59	19	200	14	144	254	35	42	203	224	41	62	161	177	166	82	181	12	229	92	60	51	228	25	120	22	253	41	124	188	233	179	15	90	164	32	63	229	154	125	37	185	52	27	2	11	164	191	36	161	254	25	242	6
6	149	46	218	50	86	20	114	194	199	132	43	172	44	78	112	90	73	20	196	113	80	158	55	34	58	114	79	226	169	100	72	23	79	59	85	114	71	207	147	137	144	249	107	132	153	38	126	177	248	126	142	148	186	43	119	250	95	229	241	25	97	98	230	215	56	142	105	91	164	193	44	62	172	219	117	128	137	32	219	130	166	83	117	236	174	11	32	246	29	75	180	26	35	120	192	106	8	129	107
185	169	233	227	93	76	9	126	63	156	81	161	208	185	253	235	129	171	163	222	157	170	156	158	201	160	250	217	58	26	155	38	77	233	78	122	199	128	68	106	251	28	111	126	25	151	6	245	4	228	115	145	217	22	230	97	246	225	92	40	240	94	165	230	96	39	158	244	73	189	56	148	133	78	30	8	50	173	201	206	71	53	56	193	236	92	254	4	125	173	17	139	85	44	129	155	27	136	145	22
109	90	244	184	86	47	3	175	137	66	187	19	245	142	171	241	121	195	22	106	202	205	28	21	129	81	21	238	207	178	163	70	124	64	60	59	53	94	234	203	253	142	93	127	134	105	44	212	14	52	11	215	221	156	100	127	31	105	71	57	92	18	211	72	120	227	227	133	225	172	14	223	3	131	3	249	91	80	65	187	196	9	39	195	206	99	167	68	197	169	100	76	24	233	106	192	211	45	97	165
241	174	37	68	42	252	34	172	16	80	245	166	122	57	144	235	134	106	190	139	95	107	149	32	69	113	222	4	198	117	141	44	241	19	68	137	226	109	15	58	49	102	139	24	61	53	139	1	241	166	217	130	104	96	225	97	243	93	160	165	98	18	131	160	31	113	123	66	182	224	34	49	109	206	135	133	221	192	23	155	17	45	175	21	28	198	152	22	235	107	66	247	211	61	205	127	243	249	70	213
224	207	49	198	9	5	115	26	102	250	74	172	228	122	246	165	200	17	217	180	220	36	42	150	106	157	1	235	198	11	70	77	105	84	38	95	162	239	65	96	41	168	151	145	75	62	3	117	240	126	156	208	217	168	97	66	79	111	49	225	206	200	83	241	245	35	78	83	199	114	134	17	113	86	130	219	243	233	105	241	89	18	104	19	34	58	215	213	213	223	45	52	38	76	47	71	61	207	59	211
24	57	205	114	31	181	130	201	15	223	22	150	91	157	70	104	106	191	147	215	65	126	162	144	164	173	10	105	144	170	48	254	99	80	160	100	36	191	207	76	165	62	61	10	49	195	60	55	150	191	238	194	108	205	84	212	222	155	36	86	52	93	139	64	37	87	122	57	248	4	253	238	20	110	226	77	12	158	150	175	187	52	168	244	84	209	231	235	12	204	81	129	45	8	129	61	198	239	151	75
202	215	204	64	75	156	82	57	162	191	187	227	173	9	153	133	250	55	229	20	213	145	73	76	167	115	115	50	96	1	177	87	223	153	36	112	121	107	62	230	85	117	114	238	138	145	122	14	245	66	132	16	132	47	210	210	141	9	50	43	27	19	183	131	126	51	181	179	164	69	48	247	86	50	219	190	51	203	120	61	170	35	76	185	156	65	222	144	116	48	111	37	101	211	21	245	211	244	244	129
239	193	82	212	47	158	180	41	98	39	25	109	245	27	233	76	134	242	151	192	208	137	150	82	8	107	28	100	95	105	68	15	44	107	218	181	150	254	212	199	128	79	71	91	165	108	51	65	242	215	22	137	123	84	210	116	122	16	13	146	82	48	248	29	92	110	252	146	251	244	37	109	2	178	143	123	28	139	185	225	216	81	188	66	154	42	159	74	215	26	187	47	239	194	15	252	59	226	141	60
119	142	241	221	136	134	189	110	161	101	143	139	141	170	42	45	96	92	208	27	166	108	199	139	140	221	65	206	4	92	237	24	32	239	242	46	26	169	29	49	106	37	140	234	214	161	85	187	202	74	3	139	114	33	17	248	246	173	22	116	138	6	211	26	16	38	78	103	247	174	87	4	21	15	220	53	69	167	70	10	207	196	86	106	157	162	57	60	165	146	90	156	251	179	111	29	217	18	39	105
139	242	225	13	119	214	190	215	41	234	240	213	51	241	70	185	237	8	165	31	110	132	41	20	248	44	208	224	48	150	64	240	132	49	222	107	248	196	217	198	211	113	140	161	101	27	148	73	20	112	14	97	230	46	45	252	84	49	80	59	192	70	200	106	239	217	240	25	205	187	98	112	4	35	49	104	34	211	252	91	32	143	184	160	27	46	83	244	235	201	45	141	195	131	222	131	169	148	10	199
46	235	177	36	55	66	178	176	40	120	252	44	38	198	14	85	6	99	183	148	197	159	200	170	70	103	96	123	228	46	237	7	240	50	163	184	169	25	59	71	224	172	215	140	217	237	232	99	169	177	219	130	67	237	151	130	136	96	127	39	51	158	216	9	41	251	82	174	84	6	28	105	165	22	214	29	21	44	188	75	90	12	67	150	164	47	29	86	108	37	219	38	234	13	104	163	167	78	77	5
74	159	192	193	48	83	20	64	14	88	46	7	227	207	237	170	32	238	64	69	144	88	130	166	94	216	239	227	96	209	115	14	244	98	190	246	97	144	80	110	204	76	136	29	167	244	133	59	36	49	133	249	190	129	205	34	245	177	132	149	122	113	181	209	243	125	30	191	194	9	209	243	32	237	20	127	148	99	1	245	172	81	39	229	190	235	161	86	124	10	179	235	127	146	74	187	18	74	42	183
28	221	117	245	251	12	123	136	196	86	179	123	115	241	171	17	63	146	5	118	16	254	161	90	177	48	35	215	187	224	55	119	177	60	110	210	217	111	87	198	135	115	245	14	224	231	149	141	163	9	51	97	112	237	51	114	249	11	144	32	87	190	169	226	115	5	68	238	247	123	254	227	91	227	95	183	81	184	111	221	20	119	116	130	80	136	244	97	81	189	114	214	164	60	52	54	131	225	185	149
254	210	13	97	127	25	205	228	134	201	136	164	62	197	117	69	116	101	87	59	200	232	204	90	223	226	98	70	30	23	44	4	107	214	2	78	228	145	5	160	235	172	115	123	19	71	35	195	145	139	90	220	93	181	140	167	58	122	53	3	252	161	106	138	102	105	67	225	107	9	87	68	83	106	230	99	11	38	128	246	189	3	11	195	58	93	108	201	232	182	56	201	152	158	121	236	98	35	33	214
50	118	214	232	62	78	67	72	189	154	196	111	48	78	174	177	19	13	142	251	153	85	192	45	136	32	39	10	50	75	165	170	7	41	164	242	34	12	103	115	220	207	17	128	137	46	84	253	76	86	25	242	73	233	193	229	124	181	61	9	71	87	107	134	136	191	121	108	184	62	143	33	78	53	90	199	16	131	37	85	192	22	197	54	170	70	24	160	43	131	53	114	3	249	176	158	139	127	123	239
84	142	101	193	46	122	76	153	105	57	31	168	142	167	142	242	123	43	61	185	188	176	99	107	82	215	50	46	189	100	56	145	76	63	42	208	131	211	140	132	155	187	121	64	254	205	126	182	156	57	139	199	141	36	185	240	127	204	70	180	37	127	28	66	19	163	49	19	151	139	139	216	53	91	89	116	92	174	213	170	247	132	68	248	100	22	11	44	29	44	186	165	4	94	3	232	157	128	55	40
44	230	203	233	159	76	209	71	69	182	100	16	84	90	63	35	174	56	76	176	136	69	180	97	24	44	95	216	31	138	238	171	25	185	178	14	198	73	162	216	18	67	139	96	78	234	115	148	105	62	192	126	61	202	13	192	73	7	244	229	61	11	131	119	224	58	91	70	3	154	186	252	15	111	155	153	169	160	46	89	167	229	175	111	70	227	94	181	98	158	93	192	207	230	217	120	121	244	63	127
222	72	204	205	149	104	229	58	21	177	210	171	210	203	223	38	67	103	14	120	242	65	177	139	25	128	86	76	119	248	103	111	244	43	131	241	102	251	197	216	165	202	88	80	169	115	112	16	131	170	161	187	60	234	34	165	58	170	247	212	67	57	42	194	233	82	70	153	225	206	132	136	38	127	110	46	92	132	21	242	221	216	45	39	141	115	57	137	203	72	137	175	54	36	209	38	13	238	18	121
201	193	203	151	71	14	41	205	196	74	167	110	204	204	168	125	60	126	16	172	154	108	165	173	226	129	213	213	156	205	163	32	182	36	199	172	157	52	19	128	159	132	12	66	136	145	221	213	89	174	214	161	104	80	120	180	49	40	123	155	192	197	133	56	193	224	139	91	51	230	31	85	133	77	144	249	165	189	86	28	136	244	100	125	67	158	240	19	67	81	91	142	148	240	87	96	12	116	63	31
181	254	169	39	124	102	58	84	80	129	138	252	92	66	84	36	193	172	32	98	108	160	184	182	171	101	246	19	172	65	199	64	112	148	126	135	204	215	218	181	185	81	241	207	57	57	44	254	121	192	212	47	249	31	22	44	235	124	5	14	225	90	190	238	28	170	232	78	49	146	53	15	98	127	25	171	132	118	153	98	77	200	204	111	14	145	67	116	211	205	29	230	232	10	32	240	139	73	125	171
197	158	7	32	229	240	160	130	207	246	218	159	178	108	85	97	214	59	246	134	127	64	39	21	8	128	94	91	8	94	89	181	69	187	55	8	109	123	207	49	103	201	62	161	240	86	249	191	124	149	139	162	200	220	254	196	156	1	191	133	214	172	25	203	201	144	128	54	249	45	141	8	78	201	69	170	140	187	249	55	123	52	120	38	114	126	246	198	250	163	3	170	232	202	232	164	101	199	1	116
54	56	248	225	147	217	101	219	129	14	53	54	55	17	42	111	60	210	253	199	25	224	43	114	184	79	69	196	229	206	26	208	251	222	47	202	173	92	238	28	179	58	62	189	192	24	243	130	74	184	28	186	207	172	97	223	132	236	82	244	211	249	165	216	140	200	12	208	74	26	177	16	22	155	177	145	249	125	179	13	176	60	2	31	54	37	201	47	42	246	42	154	203	197	135	87	84	177	123	100
62	156	81	95	98	239	77	166	249	69	176	113	176	54	254	20	219	25	194	211	23	250	184	59	12	237	139	93	222	7	230	233	178	41	3	96	158	176	141	113	166	248	31	55	36	169	221	132	242	191	97	132	196	18	69	55	68	77	3	141	99	172	43	151	208	135	141	162	49	172	203	247	155	110	36	172	4	224	244	95	187	247	7	66	98	59	95	160	136	201	64	32	204	184	15	101	121	76	159	63
205	212	176	134	242	34	67	8	123	185	124	5	20	111	123	182	204	1	99	128	93	9	172	194	17	24	201	115	254	193	9	17	190	158	162	169	92	166	94	30	233	87	236	90	110	189	10	29	22	84	117	82	115	156	174	254	121	114	39	51	21	181	11	234	118	234	187	52	37	121	170	218	148	168	91	128	90	125	159	188	67	9	244	151	66	189	112	209	75	130	51	58	43	158	88	197	187	199	213	130
41	59	77	132	168	215	128	105	128	35	103	134	84	130	179	119	204	227	125	42	4	244	3	178	89	164	135	229	88	7	57	47	28	212	108	13	107	160	53	103	184	220	27	76	180	7	115	11	48	19	127	169	120	120	234	205	195	97	26	110	156	41	172	239	78	102	146	226	194	143	32	178	17	164	11	95	100	181	152	219	7	231	139	121	132	211	128	116	105	31	154	39	228	138	25	225	50	105	103	235
96	248	14	160	148	94	189	149	29	100	95	41	72	46	17	122	139	124	106	97	216	105	8	45	65	195	125	53	234	207	246	97	93	205	4	74	251	180	71	68	161	176	40	190	153	85	129	119	43	58	181	98	183	126	192	51	143	36	96	124	31	201	172	122	236	78	200	225	52	2	96	172	169	152	45	41	166	108	152	190	208	110	117	237	73	141	25	11	228	184	49	75	54	157	226	148	166	82	201	57
17	236	103	209	16	206	7	99	189	162	79	22	178	16	114	204	236	212	60	139	207	7	168	127	65	250	168	234	126	126	153	110	92	5	184	33	214	240	126	108	129	69	96	61	252	167	104	229	156	135	245	43	231	116	6	73	179	194	51	9	33	201	3	23	152	31	223	156	38	68	154	112	129	36	222	126	75	20	9	101	240	209	233	12	156	148	162	231	88	100	56	154	67	223	215	1	46	55	88	132
132	233	70	166	249	84	23	126	160	231	147	190	107	46	148	30	45	20	42	3	158	35	195	229	114	23	125	206	36	10	192	247	22	186	41	91	98	37	30	125	75	31	47	13	68	131	30	86	25	71	153	195	85	25	251	47	102	103	178	32	15	244	246	164	79	250	227	184	212	220	66	176	8	98	90	30	34	168	168	232	127	61	3	242	224	234	31	131	31	3	28	87	172	133	124	184	25	104	7	249
173	14	199	105	21	235	40	226	232	175	165	208	225	114	219	128	105	177	51	82	59	196	42	166	240	192	84	77	141	235	5	58	186	177	15	236	12	46	105	60	71	84	253	111	28	119	43	23	103	33	112	136	232	107	242	3	241	115	66	47	152	201	209	168	207	177	216	27	221	75	139	185	77	183	52	15	100	253	247	223	89	120	80	93	95	6	246	88	180	194	32	36	209	87	39	120	168	173	113	187
121	59	158	53	87	90	70	134	43	208	46	231	62	152	103	92	62	121	28	83	71	176	119	15	45	225	71	249	14	98	218	17	21	2	252	112	246	227	215	213	70	190	92	41	64	209	14	15	157	25	55	190	69	239	239	105	78	240	207	65	164	238	250	192	115	190	148	14	29	199	167	84	233	128	1	139	89	230	225	128	122	42	122	107	176	153	131	17	34	94	2	190	134	27	22	126	35	75	53	65
137	36	72	122	70	179	73	6	159	213	179	185	112	77	119	53	234	147	181	246	220	160	27	138	123	106	159	66	42	54	169	90	46	191	123	103	165	9	125	181	15	196	193	147	50	155	253	124	196	240	251	242	156	59	181	185	205	150	207	219	77	98	21	110	174	123	138	64	34	251	194	174	163	69	6	98	173	12	47	219	186	21	171	168	45	233	254	38	126	87	206	209	152	209	232	245	87	232	162	94
3	145	25	149	96	66	245	241	146	148	25	183	31	190	225	107	242	139	226	69	120	183	141	86	240	145	8	148	11	132	30	240	93	34	125	226	138	237	6	42	26	208	237	241	191	148	28	111	32	129	85	53	59	118	89	38	200	142	67	147	37	232	129	135	13	24	179	219	141	187	116	110	84	6	234	161	6	23	13	226	207	177	46	197	164	234	77	176	5	215	65	199	148	170	102	240	34	33	191	124